                        chip high  chip low  control high  control low
chrI:255-454                161.0     633.0         356.0        503.0
chrI:16097-16296            104.0     614.0         348.0        517.0
chrI:29274-29473            100.0     596.0         355.0        536.0
chrI:31612-31811            156.0     585.0         351.0        526.0
chrI:35336-35535            408.0     568.0         362.0        484.0
chrI:45304-45503            158.0     567.0         363.0        482.0
chrI:45382-45581             69.0     568.0         368.0        521.0
chrI:68723-68922            280.0     744.0         367.0        523.0
chrI:68972-69171            137.0    2945.0         383.0        526.0
chrI:71166-71365            217.0    3522.0         372.0        538.0
chrI:78213-78412            203.0     484.0        2010.0       2251.0
chrI:99779-99978             66.0     247.0        2626.0       3469.0
chrI:100054-100253          152.0     277.0        1684.0       2252.0
chrI:106619-106818          181.0     373.0        2810.0       4534.0
chrI:113529-113728          314.0     368.0        2455.0       3153.0
chrI:116444-116643           90.0     632.0        2868.0       4676.0
chrI:119651-119850           69.0     549.0        1444.0       2592.0
chrI:127210-127409          130.0     684.0        3362.0       4894.0
chrI:130485-130684          171.0     461.0        2120.0       3490.0
chrI:141767-141966          126.0    7136.0        3556.0       5355.0
chrI:143869-144068          136.0    1466.0        3444.0       4244.0
chrI:159951-160150           84.0     505.0        2261.0       3459.0
chrI:190656-190855          126.0     610.0        2115.0       2751.0
chrI:219645-219844           38.0     213.0         353.0        622.0
chrI:225079-225278           41.0     227.0         355.0        650.0
chrI:229760-229959           46.0     234.0         343.0        636.0
chrII:2331-2530              52.0     228.0         355.0        643.0
chrII:26797-26996            71.0     242.0         361.0        645.0
chrII:39825-40024           108.0     272.0         370.0        659.0
chrII:62295-62494           146.0     274.0         353.0        652.0
chrII:63423-63622           173.0     254.0         354.0        633.0
chrII:83930-84129           176.0     238.0         363.0        643.0
chrII:91027-91226           122.0     236.0         359.0        645.0
chrII:92114-92313            72.0     256.0         368.0        605.0
chrII:115506-115705         141.0     244.0         382.0        571.0
chrII:116504-116703         180.0     243.0         373.0        580.0
chrII:167653-167852         141.0     252.0        1126.0       2179.0
chrII:173787-173986         100.0     251.0        2989.0       4909.0
chrII:194192-194391         219.0     352.0        4080.0       5537.0
chrII:198085-198284          53.0     247.0        1889.0       2907.0
chrII:204909-205108         120.0     252.0        2747.0       3865.0
chrII:258311-258510          63.0     233.0        2166.0       4336.0
chrII:269636-269835         176.0     229.0        2915.0       3843.0
chrII:290041-290240         127.0     245.0        3350.0       4501.0
chrII:309877-310076         239.0     242.0        4131.0       4168.0
chrII:315268-315467          92.0     293.0        1817.0       2143.0
chrII:329310-329509         137.0     276.0        2328.0       3682.0
chrII:336757-336956         149.0     268.0        2663.0       4511.0
chrII:337008-337207         112.0     287.0        3332.0       3530.0
chrII:371457-371656         155.0     287.0        3449.0       4480.0
chrII:371566-371765          66.0     278.0        1682.0       2335.0
chrII:379402-379601         182.0     282.0        3046.0       4642.0
chrII:426097-426296         155.0     296.0        2703.0       3624.0
chrII:426936-427135         162.0     359.0        3125.0       4083.0
chrII:431101-431300          51.0   13579.0        3289.0       4333.0
chrII:457938-458137          96.0     762.0        2824.0       3869.0
chrII:461133-461332         225.0     525.0        2494.0       5336.0
chrII:466483-466682         170.0     718.0        2169.0       3729.0
chrII:472799-472998         116.0     794.0        2253.0       3335.0
chrII:501165-501364          98.0     648.0        2982.0       4347.0
chrII:509398-509597         136.0     325.0        1589.0       2663.0
chrII:509550-509749          71.0     389.0        1460.0       3238.0
chrII:545522-545721         119.0     335.0        2323.0       4447.0
chrII:568871-569070         256.0     447.0        2712.0       3339.0
chrII:586619-586818         196.0     484.0        2094.0       3358.0
chrII:594487-594686          79.0     490.0        1944.0       3658.0
chrII:617171-617370         289.0     633.0        2468.0       3506.0
chrII:644738-644937         377.0     759.0        3833.0       4815.0
chrII:650061-650260          94.0     418.0        1429.0       2853.0
chrII:668684-668883         318.0     663.0        3790.0       3005.0
chrII:668701-668900          66.0     250.0         606.0        763.0
chrII:678434-678633         194.0     465.0        2218.0       3509.0
chrII:706560-706759         305.0     424.0        2907.0       3566.0
chrII:709704-709903         278.0     406.0        2043.0       3194.0
chrII:716350-716549         221.0     595.0        2319.0       4981.0
chrII:718442-718641         338.0     634.0        3099.0       4633.0
chrII:727111-727310         184.0     644.0        1937.0       3243.0
chrII:776287-776486         115.0    1394.0        1171.0       2621.0
chrII:798742-798941         122.0   23532.0        1457.0       2928.0
chrIII:20215-20414          150.0     280.0         406.0        578.0
chrIII:32816-33015          173.0     266.0         425.0        561.0
chrIII:50383-50582           88.0     281.0         413.0        554.0
chrIII:50411-50610           41.0     281.0         389.0        564.0
chrIII:54174-54373          142.0     363.0         393.0        558.0
chrIII:60086-60285          248.0     567.0         387.0        537.0
chrIII:61235-61434          172.0     468.0         387.0        519.0
chrIII:66270-66469          239.0     750.0         385.0        504.0
chrIII:137104-137303        139.0    2306.0         403.0        493.0
chrIII:151741-151940         84.0     242.0         380.0        497.0
chrIII:163591-163790        468.0    5134.0        2905.0       2802.0
chrIII:191124-191323        121.0     332.0        2619.0       3074.0
chrIII:197214-197413         98.0   12467.0        2487.0       2738.0
chrIII:208886-209085        121.0     569.0        2374.0       2840.0
chrIII:213385-213584        182.0     506.0        3337.0       4007.0
chrIII:213677-213876         75.0     448.0        2588.0       2978.0
chrIII:222053-222252        177.0     326.0        4188.0       4281.0
chrIII:226123-226322        180.0    1436.0        3160.0       4644.0
chrIII:262497-262696        132.0     435.0        2217.0       3558.0
chrIII:264802-265001        180.0     756.0        2439.0       4547.0
chrIII:265175-265374        119.0     843.0        2959.0       3511.0
chrIII:279838-280037         82.0     597.0        2185.0       3947.0
chrIII:288748-288947        103.0     340.0        1400.0       3340.0
chrIII:299020-299219        206.0   88113.0        2378.0       4292.0
chrIII:309386-309585        169.0     599.0        3233.0       3525.0
chrIV:24520-24719           141.0     278.0         380.0        563.0
chrIV:46337-46536           152.0     267.0         805.0       3373.0
chrIV:56750-56949            79.0     293.0         357.0        556.0
chrIV:73725-73924           128.0     265.0         377.0        558.0
chrIV:89304-89503           123.0     284.0         361.0        551.0
chrIV:109322-109521         245.0     268.0         390.0        538.0
chrIV:116693-116892         117.0     272.0         398.0        540.0
chrIV:128775-128974         141.0     259.0         392.0        549.0
chrIV:131250-131449          78.0     261.0         376.0        547.0
chrIV:140762-140961          95.0     280.0        1874.0       2614.0
chrIV:148133-148332         224.0     300.0        3938.0       5526.0
chrIV:149899-150098         182.0     315.0        3240.0       4271.0
chrIV:150616-150815         161.0     311.0        2708.0       3751.0
chrIV:161288-161487         124.0     309.0        2072.0       2910.0
chrIV:172515-172714          92.0     294.0        3504.0       4272.0
chrIV:203356-203555         143.0     316.0        3078.0       3753.0
chrIV:204180-204379         175.0     298.0        1979.0       3399.0
chrIV:258636-258835         111.0     289.0        2625.0       3798.0
chrIV:273861-274060         138.0     283.0        2588.0       3503.0
chrIV:286819-287018          96.0     275.0        2734.0       3796.0
chrIV:293126-293325         130.0     263.0        2404.0       3233.0
chrIV:326238-326437          98.0     263.0        3082.0       3703.0
chrIV:345048-345247          96.0     337.0        2192.0       4578.0
chrIV:366671-366870         223.0    1714.0        2523.0       3750.0
chrIV:410910-411109         221.0    3430.0        2613.0       4096.0
chrIV:416992-417191         174.0     605.0        2924.0       6195.0
chrIV:439345-439544         150.0     391.0        1830.0       4136.0
chrIV:461701-461900         577.0    2668.0        8061.0      11644.0
chrIV:464417-464616         169.0     740.0        2941.0       4512.0
chrIV:468118-468317         293.0     655.0        2907.0       4559.0
chrIV:480772-480971         267.0     535.0        2478.0       4187.0
chrIV:481759-481958         592.0   14869.0        3154.0       4487.0
chrIV:487004-487203         224.0     731.0        2734.0       4453.0
chrIV:489248-489447          97.0     353.0        1040.0       1958.0
chrIV:531813-532012          58.0     296.0         422.0        679.0
chrIV:535698-535897          53.0     300.0         408.0        688.0
chrIV:539217-539416         328.0   25961.0        2973.0       4869.0
chrIV:542050-542249         167.0     415.0        3879.0       5053.0
chrIV:547157-547356         342.0     732.0        3891.0       5035.0
chrIV:562577-562776         226.0    2029.0        3053.0       5484.0
chrIV:562873-563072         182.0    4510.0        2445.0       3860.0
chrIV:562884-563083          68.0     364.0         573.0        661.0
chrIV:573909-574108         217.0     392.0        2690.0       4312.0
chrIV:591703-591902         271.0    1488.0        2435.0       1644.0
chrIV:598211-598410          99.0     352.0         997.0       2280.0
chrIV:623205-623404         134.0    1207.0        2245.0       4214.0
chrIV:632331-632530         211.0     744.0        2135.0       2970.0
chrIV:634066-634265         398.0     686.0        2908.0       3185.0
chrIV:635949-636148         328.0     950.0        3294.0       3137.0
chrIV:662441-662640         105.0     317.0        1527.0       3707.0
chrIV:681943-682142          96.0     413.0        2482.0       3246.0
chrIV:723281-723480         287.0     522.0        3330.0       3483.0
chrIV:731204-731403         171.0     397.0        1803.0       3063.0
chrIV:739250-739449         195.0     563.0        1881.0       3374.0
chrIV:740058-740257         112.0     522.0        2177.0       2947.0
chrIV:763163-763362         230.0     575.0        2637.0       3990.0
chrIV:793971-794170         179.0     724.0        2347.0       4782.0
chrIV:794267-794466         163.0    1506.0        2215.0       3674.0
chrIV:797453-797652         107.0     310.0        1869.0       2833.0
chrIV:825661-825860         107.0     288.0        1448.0       2408.0
chrIV:842074-842273         185.0     616.0        2574.0       2973.0
chrIV:845746-845945          69.0     242.0        1073.0       2116.0
chrIV:888957-889156         287.0     579.0        2502.0       4156.0
chrIV:893008-893207         356.0    1162.0        2722.0       4130.0
chrIV:928822-929021         547.0     816.0        3561.0       6010.0
chrIV:935809-936008         178.0     824.0        2380.0       4563.0
chrIV:955149-955348         298.0    1191.0        3614.0       4090.0
chrIV:964840-965039         131.0     508.0        1712.0       4217.0
chrIV:970872-971071         126.0     396.0        2116.0       2896.0
chrIV:1003766-1003965       115.0     359.0        1994.0       3234.0
chrIV:1004072-1004271       260.0     633.0        3143.0       4199.0
chrIV:1022497-1022696       248.0   28681.0        2602.0       3320.0
chrIV:1040932-1041131       157.0     504.0        2419.0       2632.0
chrIV:1051276-1051475       247.0     568.0        2936.0       4385.0
chrIV:1055903-1056102       508.0    1615.0        2986.0       4287.0
chrIV:1084717-1084916       132.0     945.0        2379.0       3202.0
chrIV:1092751-1092950       183.0     454.0        2808.0       4588.0
chrIV:1147232-1147431       175.0     566.0        1555.0       2682.0
chrIV:1197379-1197578       220.0     461.0        2686.0       3916.0
chrIV:1213622-1213821        98.0     446.0        1275.0       3544.0
chrIV:1215004-1215203       158.0     316.0        2338.0       2567.0
chrIV:1234335-1234534       279.0     459.0        2433.0       3840.0
chrIV:1239110-1239309       129.0     442.0        2450.0       3210.0
chrIV:1241317-1241516       659.0     816.0        4118.0       4735.0
chrIV:1260299-1260498       153.0    1017.0        2333.0       3392.0
chrIV:1266502-1266701       224.0     756.0        2504.0       4186.0
chrIV:1271075-1271274       208.0     617.0        2472.0       3748.0
chrIV:1279985-1280184       180.0     691.0        3435.0       4478.0
chrIV:1291541-1291740       126.0     555.0        2581.0       3734.0
chrIV:1300615-1300814       220.0     636.0        3626.0       4051.0
chrIV:1315372-1315571       188.0     488.0        2111.0       2715.0
chrIV:1329904-1330103       411.0    1098.0        2265.0       3020.0
chrIV:1337842-1338041       235.0     624.0        2687.0       4677.0
chrIV:1337863-1338062        69.0     267.0         533.0        722.0
chrIV:1345328-1345527       328.0    9871.0        2806.0       2717.0
chrIV:1354229-1354428       206.0     560.0        2538.0       4261.0
chrIV:1357791-1357990       166.0     343.0        1546.0       2332.0
chrIV:1377844-1378043       218.0     566.0        2074.0       3239.0
chrIV:1378228-1378427       134.0     510.0        2021.0       3710.0
chrIV:1387384-1387583       291.0    1294.0        2733.0       3612.0
chrIV:1416614-1416813       281.0     733.0        2572.0       4398.0
chrIV:1420681-1420880       274.0   23058.0        2759.0       4842.0
chrIV:1434204-1434403       174.0     766.0        3229.0       3791.0
chrIV:1452873-1453072       244.0     671.0        1864.0       3579.0
chrIV:1454684-1454883       158.0    1893.0        2922.0       4435.0
chrIV:1455893-1456092       151.0     602.0        1890.0       4496.0
chrIV:1463960-1464159       125.0     446.0        2520.0       2648.0
chrIV:1466779-1466978       894.0    1166.0        4027.0       4193.0
chrIV:1469035-1469234       139.0    1138.0        2654.0       3396.0
chrIV:1497770-1497969       155.0     518.0        2540.0       3047.0
chrIV:1521372-1521571       140.0     475.0        1551.0       3221.0
chrIV:1529963-1530162        63.0     253.0         346.0        575.0
chrV:1979-2178              104.0     243.0         341.0        592.0
chrV:5291-5490               61.0     253.0         345.0        600.0
chrV:13382-13581             70.0     248.0         344.0        609.0
chrV:35795-35994             71.0     231.0         345.0        593.0
chrV:43195-43394            267.0     220.0         343.0        614.0
chrV:67112-67311            408.0     233.0         349.0        630.0
chrV:69186-69385            209.0     228.0         473.0       1642.0
chrV:70229-70428            222.0     225.0         376.0        629.0
chrV:92528-92727            145.0     207.0         368.0        612.0
chrV:104945-105144          176.0     202.0         368.0        584.0
chrV:106951-107150          144.0     225.0         368.0        960.0
chrV:124287-124486          168.0     222.0        2279.0       3367.0
chrV:124978-125177          162.0     228.0        2795.0       4451.0
chrV:151891-152090           71.0     242.0        1067.0       1961.0
chrV:153066-153265          229.0     264.0        3252.0       2810.0
chrV:169984-170183          132.0     275.0        2352.0       4331.0
chrV:190586-190785          257.0     287.0        2892.0       3777.0
chrV:191930-192129          175.0     286.0        2627.0       3456.0
chrV:191987-192186          170.0     286.0        1366.0       1401.0
chrV:193538-193737          176.0     296.0        2699.0       3669.0
chrV:196315-196514          139.0     298.0        2207.0       3841.0
chrV:203796-203995           83.0     390.0        2664.0       4311.0
chrV:237257-237456           88.0     641.0        2115.0       3607.0
chrV:254651-254850           97.0    1121.0        2803.0       4022.0
chrV:258159-258358          115.0    2140.0        2080.0       3359.0
chrV:260165-260364          202.0     747.0        2874.0       4938.0
chrV:265911-266110          131.0   14798.0        2270.0       3082.0
chrV:271197-271396          150.0     454.0        2306.0       3746.0
chrV:275614-275813          160.0     871.0        2561.0       3382.0
chrV:276206-276405          118.0     558.0        1711.0       4146.0
chrV:280836-281035          154.0    1901.0        2112.0       2847.0
chrV:288844-289043          123.0     618.0        3103.0       5030.0
chrV:302551-302750          129.0    8069.0        2741.0       4366.0
chrV:307403-307602          194.0     458.0        2470.0       4216.0
chrV:313334-313533          225.0    1122.0        3066.0       3746.0
chrV:319457-319656          117.0     588.0        2311.0       3132.0
chrV:337977-338176          277.0     525.0        3126.0       3936.0
chrV:342559-342758          266.0    1094.0        3507.0       4214.0
chrV:342597-342796          108.0     483.0         821.0       1172.0
chrV:358278-358477          184.0     829.0        3556.0       4359.0
chrV:359085-359284          142.0     880.0        2731.0       4341.0
chrV:369392-369591          166.0     597.0        1510.0       4104.0
chrV:375108-375307           99.0     582.0        1873.0       3429.0
chrV:386899-387098          201.0     588.0        2355.0       4648.0
chrV:386906-387105           52.0     360.0         352.0        701.0
chrV:394056-394255          223.0     538.0        2196.0       3118.0
chrV:409420-409619          150.0     497.0        2655.0       3494.0
chrV:411292-411491          344.0     983.0        2992.0       4463.0
chrV:414666-414865          452.0     802.0        2971.0       4470.0
chrV:416346-416545          223.0     926.0        1997.0       3509.0
chrV:462451-462650          371.0    1293.0        3385.0       4257.0
chrV:489964-490163          231.0     796.0        3181.0       4824.0
chrV:506146-506345          407.0     692.0        2747.0       3644.0
chrV:519245-519444          229.0     548.0        2486.0       3112.0
chrV:545117-545316          119.0     867.0        1355.0       1690.0
chrV:562680-562879          179.0    1779.0        2776.0       3472.0
chrV:569095-569294          196.0     915.0        2817.0       3857.0
chrV:569941-570140          157.0     548.0        2023.0       3048.0
chrV:571376-571575           56.0     288.0         356.0        530.0
chrV:574780-574979           63.0     266.0         373.0        514.0
chrVI:1186-1385              72.0     269.0         383.0        518.0
chrVI:15503-15702           178.0     298.0         391.0        555.0
chrVI:21251-21450           197.0     291.0         395.0        537.0
chrVI:31728-31927            96.0     289.0         396.0        532.0
chrVI:63219-63418           177.0     297.0         409.0        550.0
chrVI:73891-74090           141.0     280.0         396.0        543.0
chrVI:74709-74908           209.0     302.0         421.0        555.0
chrVI:84186-84385           190.0     409.0         429.0        534.0
chrVI:90293-90492           186.0     539.0         427.0        545.0
chrVI:103292-103491          88.0     339.0         421.0        560.0
chrVI:103303-103502          55.0     260.0         428.0        567.0
chrVI:131401-131600         180.0   21924.0         866.0       2391.0
chrVI:148414-148613          71.0     240.0         915.0       1343.0
chrVI:163167-163366         268.0     479.0        3587.0       5307.0
chrVI:175987-176186         159.0     465.0        4450.0       5944.0
chrVI:184671-184870         246.0     508.0        3090.0       4527.0
chrVI:188255-188454          70.0     240.0        2405.0       2542.0
chrVI:195111-195310         103.0     467.0        2824.0       3650.0
chrVI:209452-209651         159.0     435.0        3669.0       4777.0
chrVI:212965-213164          88.0     478.0        3041.0       3798.0
chrVI:212983-213182          70.0     239.0         663.0        769.0
chrVI:213413-213612         192.0     450.0        2913.0       5092.0
chrVI:224923-225122         245.0    1114.0        2361.0       2050.0
chrVI:228066-228265         225.0     522.0        2532.0       3313.0
chrVI:234358-234557         160.0     755.0        3076.0       4114.0
chrVI:235996-236195         161.0     563.0        2169.0       3306.0
chrVI:248138-248337          91.0     368.0        1603.0       2509.0
chrVI:255407-255606         323.0    1728.0        2489.0       3217.0
chrVI:263168-263367         142.0     484.0        2507.0       3118.0
chrVII:7583-7782             69.0     254.0         428.0        536.0
chrVII:34822-35021           81.0     273.0         424.0        520.0
chrVII:41773-41972          124.0     242.0         433.0        519.0
chrVII:46552-46751           94.0     239.0         422.0        522.0
chrVII:68110-68309          187.0     251.0         414.0        536.0
chrVII:94635-94834          295.0     250.0         415.0        564.0
chrVII:131490-131689        140.0     237.0         403.0        572.0
chrVII:136309-136508        398.0     264.0         399.0        566.0
chrVII:142617-142816        181.0     260.0         379.0        536.0
chrVII:194010-194209        134.0     264.0         386.0        513.0
chrVII:226109-226308         96.0     265.0        1512.0       2543.0
chrVII:239125-239324        121.0     268.0        2304.0       3523.0
chrVII:251709-251908        113.0     254.0        1798.0       3767.0
chrVII:268995-269194        102.0     237.0        1613.0       2407.0
chrVII:271286-271485        224.0     232.0        4032.0       4264.0
chrVII:271601-271800        353.0     239.0        3919.0       4728.0
chrVII:271819-272018        185.0     215.0        2951.0       2164.0
chrVII:271900-272099        145.0     221.0        1577.0       1885.0
chrVII:322825-323024        177.0     234.0        2911.0       3786.0
chrVII:343828-344027        156.0     237.0        1926.0       3577.0
chrVII:360744-360943        189.0     245.0        2593.0       3693.0
chrVII:365258-365457        573.0     258.0        3239.0       6187.0
chrVII:384612-384811        152.0     244.0        2633.0       3360.0
chrVII:396692-396891        212.0     236.0        2975.0       3690.0
chrVII:397821-398020         89.0     285.0        1432.0       2004.0
chrVII:415971-416170        229.0     379.0        2293.0       2609.0
chrVII:419591-419790        240.0     990.0        3510.0       4536.0
chrVII:433336-433535        154.0    2722.0        2765.0       2869.0
chrVII:444141-444340        190.0     836.0        4126.0       3820.0
chrVII:444785-444984        201.0     448.0        2816.0       5036.0
chrVII:453913-454112        158.0     645.0        3267.0       4344.0
chrVII:496933-497132         62.0     197.0         878.0       1623.0
chrVII:521823-522022        142.0     330.0        2289.0       4931.0
chrVII:547277-547476        168.0     833.0        3304.0       3325.0
chrVII:554088-554287        205.0     550.0        2714.0       4226.0
chrVII:583330-583529        262.0     432.0        2721.0       4893.0
chrVII:591541-591740        373.0     897.0        4025.0       4637.0
chrVII:591789-591988        158.0     456.0        2229.0       3466.0
chrVII:609824-610023       1491.0    2316.0        3869.0       3736.0
chrVII:639099-639298        207.0     506.0        2173.0       3752.0
chrVII:644728-644927         82.0     441.0        1018.0       1935.0
chrVII:683106-683305         85.0     233.0        2027.0       3388.0
chrVII:683248-683447        127.0     281.0        1149.0       1981.0
chrVII:712733-712932         88.0     235.0        1758.0       3136.0
chrVII:719506-719705        207.0     532.0        2874.0       4467.0
chrVII:731296-731495        330.0     420.0        2116.0       3533.0
chrVII:747256-747455        132.0     292.0        2312.0       4090.0
chrVII:748920-749119        148.0     413.0        2050.0       5414.0
chrVII:751023-751222        131.0     558.0        1344.0       3048.0
chrVII:785700-785899        583.0    8771.0        2780.0       4196.0
chrVII:785850-786049        261.0    2446.0        2709.0       3070.0
chrVII:798040-798239        331.0    1600.0        3388.0       5422.0
chrVII:809199-809398        325.0     874.0        4094.0       4161.0
chrVII:841551-841750        285.0     429.0        2906.0       4627.0
chrVII:854005-854204        227.0     372.0        2070.0       4545.0
chrVII:890360-890559        422.0     652.0        3431.0       4702.0
chrVII:895117-895316        377.0     613.0        3076.0       4135.0
chrVII:902330-902529        176.0     397.0        2613.0       3865.0
chrVII:905602-905801        303.0     746.0        3397.0       3480.0
chrVII:905920-906119        614.0     795.0        3873.0       3938.0
chrVII:942266-942465        225.0     421.0        2139.0       3763.0
chrVII:951312-951511        112.0     370.0        1870.0       2631.0
chrVII:958451-958650        206.0   23760.0        2386.0       4562.0
chrVII:968658-968857        228.0     457.0        1957.0       2931.0
chrVII:1000173-1000372      245.0    9913.0        2583.0       3638.0
chrVII:1021266-1021465      631.0     473.0        2289.0       4667.0
chrVII:1051221-1051420      244.0     546.0        1945.0       2975.0
chrVII:1065088-1065287      262.0     657.0        3120.0       2964.0
chrVII:1088846-1089045       59.0     173.0         396.0        479.0
chrVIII:1860-2059            56.0     185.0         402.0        498.0
chrVIII:25681-25880          93.0     206.0         399.0        519.0
chrVIII:72301-72500          88.0     199.0         405.0        528.0
chrVIII:79740-79939          67.0     194.0         405.0        500.0
chrVIII:98533-98732         450.0     170.0         398.0        485.0
chrVIII:98560-98759         139.0     167.0         406.0        495.0
chrVIII:107515-107714        85.0     162.0         401.0        473.0
chrVIII:119934-120133       380.0     157.0         376.0        483.0
chrVIII:123785-123984        99.0     181.0         365.0        507.0
chrVIII:144661-144860       188.0     187.0         375.0        523.0
chrVIII:157828-158027       140.0     200.0         423.0        528.0
chrVIII:162093-162292       231.0     198.0        1673.0       4551.0
chrVIII:174612-174811       224.0     197.0        3655.0       3995.0
chrVIII:174661-174860        91.0     185.0        1127.0       1585.0
chrVIII:175232-175431       195.0     209.0        3195.0       3135.0
chrVIII:190203-190402       150.0     214.0        2954.0       3899.0
chrVIII:198577-198776       107.0     223.0        1984.0       2672.0
chrVIII:218209-218408       251.0     249.0        2741.0       2743.0
chrVIII:236076-236275       206.0     253.0        3863.0       3645.0
chrVIII:247433-247632       130.0     266.0        2010.0       3940.0
chrVIII:258712-258911       101.0     267.0        2050.0       3308.0
chrVIII:263075-263274       118.0     281.0        2987.0       4227.0
chrVIII:271971-272170       107.0     247.0        2730.0       4211.0
chrVIII:272326-272525       212.0     242.0        2961.0       3690.0
chrVIII:279631-279830       141.0     225.0        1643.0       4621.0
chrVIII:283387-283586        99.0     217.0        2240.0       2886.0
chrVIII:302461-302660       177.0     513.0        3324.0       4695.0
chrVIII:313608-313807       253.0     279.0        2651.0       4285.0
chrVIII:320430-320629       204.0     648.0        2257.0       3281.0
chrVIII:321028-321227       260.0     508.0        2685.0       3322.0
chrVIII:328436-328635       109.0     668.0        2085.0       3558.0
chrVIII:335925-336124       114.0     574.0        2163.0       4049.0
chrVIII:354936-355135       124.0     586.0        2492.0       4510.0
chrVIII:369381-369580       108.0     518.0        2694.0       4568.0
chrVIII:371871-372070       159.0     426.0        3033.0       3848.0
chrVIII:375028-375227       121.0  162582.0        3023.0       3792.0
chrVIII:375087-375286        76.0   47958.0        1099.0       1689.0
chrVIII:375144-375343        55.0   16169.0        1103.0       1237.0
chrVIII:375358-375557       118.0    5347.0        2436.0       3442.0
chrVIII:383362-383561        91.0     337.0        1793.0       3374.0
chrVIII:418097-418296       176.0     568.0        2310.0       3428.0
chrVIII:439794-439993       196.0     609.0        2155.0       3763.0
chrVIII:446462-446661       222.0     629.0        2578.0       4470.0
chrVIII:477127-477326       159.0     563.0        1926.0       3547.0
chrVIII:489363-489562       229.0     403.0        2217.0       3771.0
chrVIII:508146-508345       314.0     660.0        2181.0       4045.0
chrVIII:509839-510038       251.0     473.0        2399.0       3774.0
chrVIII:527750-527949       170.0     462.0        1937.0       2508.0
chrVIII:540247-540446        63.0     241.0         353.0        523.0
chrVIII:551718-551917        75.0    1421.0         534.0        742.0
chrVIII:560299-560498        58.0     267.0         362.0        538.0
chrIX:2303-2502              65.0     266.0         354.0        510.0
chrIX:21653-21852            79.0     256.0         358.0        523.0
chrIX:76886-77085           231.0     244.0         357.0        548.0
chrIX:96236-96435           233.0     231.0         363.0        548.0
chrIX:116842-117041         112.0     237.0         375.0        565.0
chrIX:117687-117886         114.0     244.0         377.0        545.0
chrIX:117701-117900          63.0     246.0         386.0        543.0
chrIX:118153-118352         102.0     246.0         767.0       1680.0
chrIX:121159-121358         113.0     250.0         870.0       1644.0
chrIX:128116-128315         487.0     244.0         385.0        512.0
chrIX:135281-135480         371.0     258.0         385.0        540.0
chrIX:139116-139315         121.0     272.0         392.0        550.0
chrIX:144435-144634         110.0     262.0         723.0       1743.0
chrIX:145314-145513         151.0     262.0        3182.0       3676.0
chrIX:166034-166233          69.0     246.0        1584.0       1819.0
chrIX:179168-179367         169.0     262.0        2989.0       3357.0
chrIX:179415-179614         130.0     250.0        2945.0       3406.0
chrIX:188554-188753         176.0     245.0        3721.0       3832.0
chrIX:194045-194244         212.0     333.0        2190.0       4033.0
chrIX:199481-199680         122.0     260.0        2896.0       3814.0
chrIX:212612-212811         176.0     266.0        3520.0       4995.0
chrIX:222684-222883         138.0     286.0        2360.0       4551.0
chrIX:267931-268130         182.0     281.0        2656.0       4057.0
chrIX:268376-268575         159.0     279.0        2876.0       5221.0
chrIX:269774-269973         166.0     290.0        3018.0       3403.0
chrIX:270203-270402         201.0     283.0        3088.0       4693.0
chrIX:275428-275627         133.0     279.0        2822.0       3802.0
chrIX:292239-292438         105.0     275.0        1656.0       2732.0
chrIX:309972-310171         255.0     273.0        2954.0       5181.0
chrIX:318245-318444         144.0     870.0        2792.0       4126.0
chrIX:330449-330648         143.0     502.0        2675.0       4286.0
chrIX:355533-355732          63.0     366.0         936.0       1671.0
chrIX:365886-366085         194.0     867.0        3845.0       4456.0
chrIX:384235-384434         117.0     568.0        2546.0       3719.0
chrIX:384577-384776         209.0    1127.0        3263.0       5362.0
chrIX:406752-406951         198.0     807.0        2971.0       4175.0
chrIX:420584-420783         162.0    1500.0        3543.0       4672.0
chrIX:432796-432995          59.0     247.0         626.0       1283.0
chrIX:436075-436274         132.0     570.0        3451.0       4494.0
chrX:2286-2485               59.0     215.0         369.0        500.0
chrX:28090-28289            110.0     206.0         374.0        494.0
chrX:37709-37908            167.0     201.0         370.0        509.0
chrX:76654-76853            218.0     204.0         372.0        516.0
chrX:79514-79713            213.0     202.0         380.0        505.0
chrX:99292-99491            197.0     196.0         370.0        497.0
chrX:104546-104745           63.0     198.0         377.0        490.0
chrX:106095-106294          135.0     198.0         379.0        494.0
chrX:123300-123499          200.0     203.0         371.0        479.0
chrX:123414-123613          118.0     204.0         368.0        502.0
chrX:129564-129763           95.0     214.0         346.0       1188.0
chrX:133261-133460          123.0     228.0        2023.0       3361.0
chrX:136849-137048          110.0     243.0        1864.0       2606.0
chrX:147350-147549          208.0     255.0        3592.0       4496.0
chrX:160098-160297          165.0     286.0        3710.0       3819.0
chrX:160116-160315           72.0     269.0         494.0        890.0
chrX:168771-168970          203.0     237.0        2572.0       3882.0
chrX:177965-178164          126.0     249.0        1468.0       3402.0
chrX:192243-192442          135.0     259.0        2598.0       3541.0
chrX:192845-193044           94.0     255.0        3843.0       5762.0
chrX:195376-195575          257.0     286.0        2736.0       3677.0
chrX:236360-236559          175.0     267.0        3437.0       5162.0
chrX:236620-236819          190.0     495.0        3080.0       3036.0
chrX:260794-260993           88.0     756.0        2305.0       3526.0
chrX:273918-274117          102.0     433.0        1949.0       3555.0
chrX:279203-279402          139.0     668.0        2236.0       3688.0
chrX:279644-279843          239.0    1165.0        2940.0       3996.0
chrX:311360-311559          147.0     741.0        2782.0       3639.0
chrX:313547-313746          127.0     733.0        3262.0       2782.0
chrX:316660-316859          154.0     595.0        3092.0       3508.0
chrX:317203-317402          234.0     404.0        2386.0       5047.0
chrX:319691-319890           75.0     352.0        1423.0       2200.0
chrX:320447-320646          124.0     446.0        2762.0       4010.0
chrX:323135-323334           76.0     375.0        1872.0       3046.0
chrX:333741-333940          146.0     617.0        2799.0       4248.0
chrX:337917-338116          106.0    1438.0        2849.0       4377.0
chrX:341024-341223          178.0     546.0        3599.0       4069.0
chrX:355908-356107          124.0     520.0        1302.0       2842.0
chrX:359858-360057          228.0     987.0        2369.0       4710.0
chrX:361685-361884          558.0     680.0        2477.0       3236.0
chrX:371410-371609          204.0     708.0        1645.0       3500.0
chrX:399906-400105          384.0     783.0        3278.0       3993.0
chrX:408181-408380          297.0     921.0        2526.0       4741.0
chrX:413409-413608          203.0   41665.0        3255.0       5822.0
chrX:413421-413620           57.0    1747.0         567.0        668.0
chrX:436320-436519           79.0     341.0         694.0       1686.0
chrX:454979-455178          343.0     987.0        3253.0       4095.0
chrX:455764-455963          186.0     453.0        2656.0       4615.0
chrX:455781-455980           69.0     358.0         611.0        627.0
chrX:464808-465007          713.0    1002.0        3863.0       5674.0
chrX:494772-494971          134.0     619.0        1777.0       3296.0
chrX:504421-504620          172.0     568.0        2478.0       4079.0
chrX:527904-528103          214.0     800.0        2555.0       5043.0
chrX:545446-545645          742.0    7549.0        4310.0       5688.0
chrX:548493-548692          161.0    5224.0        2048.0       3164.0
chrX:557125-557324          536.0     800.0        3354.0       3677.0
chrX:570583-570782          140.0     517.0        1907.0       3714.0
chrX:573315-573514          400.0    1182.0        4112.0       4066.0
chrX:575417-575616          207.0     712.0        3313.0       4998.0
chrX:580766-580965          286.0     822.0        2822.0       3425.0
chrX:608962-609161         1058.0     876.0        3946.0       5456.0
chrX:628685-628884          181.0     817.0        3249.0       4297.0
chrX:639073-639272          119.0     676.0        2443.0       3367.0
chrX:647022-647221          181.0     628.0        2106.0       3765.0
chrX:683486-683685          220.0    1850.0        3183.0       5092.0
chrX:683515-683714           68.0     511.0         777.0       1157.0
chrX:684332-684531          107.0     472.0        1471.0       4299.0
chrX:690653-690852          429.0    1138.0        3711.0       5905.0
chrX:703702-703901          439.0   12647.0        3844.0       3415.0
chrX:710111-710310          133.0     724.0        2115.0       3050.0
chrX:721407-721606          322.0     769.0        2242.0       4364.0
chrXI:8054-8253              68.0     378.0         449.0        533.0
chrXI:44643-44842           211.0     349.0         450.0        537.0
chrXI:66932-67131           166.0     348.0         455.0        551.0
chrXI:67654-67853           126.0     354.0         441.0        555.0
chrXI:80619-80818            64.0     352.0         431.0        549.0
chrXI:82489-82688           119.0     359.0         435.0        539.0
chrXI:100624-100823         381.0     386.0         441.0        544.0
chrXI:113496-113695         133.0     395.0         437.0        534.0
chrXI:118125-118324          85.0     385.0         427.0        610.0
chrXI:121259-121458          83.0     372.0        1222.0       1649.0
chrXI:126430-126629         189.0     390.0        2226.0       2576.0
chrXI:126562-126761         196.0     386.0        2200.0       2791.0
chrXI:143560-143759         292.0     370.0        1668.0       3273.0
chrXI:147533-147732         117.0     373.0        2073.0       3204.0
chrXI:150437-150636         130.0     384.0        2588.0       2831.0
chrXI:154613-154812         211.0     377.0        3011.0       5317.0
chrXI:182548-182747          70.0     358.0         894.0       2225.0
chrXI:194709-194908         143.0     356.0        2352.0       3390.0
chrXI:195829-196028          91.0     383.0        3124.0       5046.0
chrXI:199755-199954          71.0     380.0        1953.0       3341.0
chrXI:202304-202503          76.0     362.0        1405.0       3211.0
chrXI:206807-207006         110.0     345.0        3547.0       3759.0
chrXI:206942-207141          93.0     334.0        1712.0       2896.0
chrXI:216560-216759          92.0     329.0        2666.0       3633.0
chrXI:221517-221716         100.0     312.0        3177.0       4206.0
chrXI:230827-231026         186.0     295.0        2013.0       2961.0
chrXI:233342-233541         186.0     280.0        3188.0       3650.0
chrXI:274730-274929         164.0     277.0        2544.0       3592.0
chrXI:277794-277993         121.0     274.0        2965.0       5207.0
chrXI:279335-279534         224.0     403.0        2167.0       4204.0
chrXI:289183-289382         167.0     485.0        3010.0       3761.0
chrXI:319644-319843         115.0     371.0        2732.0       3799.0
chrXI:340320-340519         165.0     691.0        3087.0       4466.0
chrXI:342105-342304         165.0    5397.0        3074.0       3817.0
chrXI:408153-408352         120.0     429.0        2367.0       3051.0
chrXI:408164-408363          59.0     300.0         432.0        625.0
chrXI:408182-408381          67.0     307.0         478.0        795.0
chrXI:426574-426773         320.0     564.0        3489.0       5253.0
chrXI:429022-429221         455.0     808.0        4058.0       4929.0
chrXI:429038-429237          89.0     377.0         676.0        650.0
chrXI:439510-439709         257.0     505.0        2913.0       4203.0
chrXI:462547-462746         225.0     830.0        2655.0       4927.0
chrXI:487927-488126         310.0     952.0        3759.0       3920.0
chrXI:506886-507085         291.0    1500.0        2403.0       4320.0
chrXI:524473-524672         356.0    1454.0        3681.0       4300.0
chrXI:526976-527175         248.0    3081.0        2867.0       3847.0
chrXI:544156-544355         177.0     546.0        2221.0       3420.0
chrXI:546106-546305         153.0     470.0        2079.0       2883.0
chrXI:551139-551338         263.0     735.0        2522.0       4431.0
chrXI:558706-558905        1098.0    1701.0        3850.0       4229.0
chrXI:562035-562234         363.0     703.0        3065.0       3335.0
chrXI:568817-569016         220.0     632.0        2522.0       3559.0
chrXI:571246-571445          95.0     380.0        1364.0       3480.0
chrXI:577228-577427         212.0     523.0        2136.0       2952.0
chrXI:578504-578703         176.0     383.0        2629.0       2816.0
chrXI:587849-588048         197.0     376.0        2320.0       3685.0
chrXI:610771-610970         267.0     480.0        2597.0       4293.0
chrXI:634779-634978         191.0     477.0        2508.0       4072.0
chrXI:645873-646072         151.0     778.0        2317.0       3594.0
chrXII:2132-2331             72.0     266.0         389.0        557.0
chrXII:7667-7866             68.0     250.0         399.0        568.0
chrXII:22516-22715          160.0     249.0         381.0        580.0
chrXII:29257-29456          140.0     229.0         394.0        581.0
chrXII:72591-72790           91.0     226.0         406.0        574.0
chrXII:100759-100958        151.0     225.0         399.0        583.0
chrXII:127537-127736        137.0     218.0         383.0        571.0
chrXII:128676-128875         93.0     210.0         394.0        556.0
chrXII:130897-131096        182.0     223.0         406.0        559.0
chrXII:130920-131119         55.0     224.0         416.0        536.0
chrXII:140774-140973         81.0     232.0         411.0        572.0
chrXII:150842-151041         53.0     219.0         403.0        563.0
chrXII:172852-173051        140.0     209.0         383.0       1779.0
chrXII:191240-191439        121.0     178.0        1673.0       3041.0
chrXII:205539-205738         96.0     202.0        2335.0       4005.0
chrXII:228395-228594        141.0     217.0        2581.0       3262.0
chrXII:240807-241006        127.0     207.0        3004.0       4107.0
chrXII:246005-246204        169.0     184.0        3507.0       3444.0
chrXII:256913-257112        136.0     186.0        2585.0       3862.0
chrXII:258541-258740        315.0     196.0        3491.0       3700.0
chrXII:260246-260445        376.0     239.0        2971.0       4236.0
chrXII:262080-262279        222.0     202.0        2882.0       4868.0
chrXII:266870-267069        257.0     205.0        2768.0       3780.0
chrXII:289654-289853         84.0     206.0        2291.0       2113.0
chrXII:302119-302318        171.0     221.0        2124.0       2885.0
chrXII:323112-323311        151.0     216.0        2798.0       5207.0
chrXII:323138-323337         56.0     228.0         591.0        932.0
chrXII:342843-343042         81.0     222.0        2319.0       3320.0
chrXII:377598-377797        133.0     234.0        2153.0       5234.0
chrXII:389205-389404        160.0     237.0        3434.0       3077.0
chrXII:391094-391293        112.0     255.0        3357.0       4093.0
chrXII:416953-417152        217.0    1259.0        3560.0       3251.0
chrXII:424360-424559        225.0    1281.0        3811.0       3460.0
chrXII:424371-424570         86.0     324.0         591.0        806.0
chrXII:439934-440133        147.0     339.0        2780.0       4400.0
chrXII:470617-470816         61.0     261.0         397.0        482.0
chrXII:472309-472508         64.0     262.0         383.0        488.0
chrXII:474269-474468         70.0     255.0         398.0        490.0
chrXII:481889-482088         61.0     221.0         415.0        497.0
chrXII:483849-484048         57.0     225.0         407.0        508.0
chrXII:485541-485740         62.0     256.0         405.0        513.0
chrXII:487501-487700         69.0     260.0         425.0        494.0
chrXII:489193-489392         66.0     250.0         430.0        499.0
chrXII:490521-490720        107.0     357.0        2107.0       2422.0
chrXII:491279-491478        118.0     526.0        2031.0       3508.0
chrXII:491578-491777        121.0     411.0        1968.0       2243.0
chrXII:504143-504342        312.0     693.0        4051.0       4767.0
chrXII:551112-551311        218.0     766.0        2678.0       3527.0
chrXII:608412-608611        157.0     625.0        1757.0       4556.0
chrXII:635790-635989        363.0     820.0        2779.0       4194.0
chrXII:636428-636627        117.0     958.0        1789.0       2023.0
chrXII:647835-648034        212.0     450.0        2507.0       4150.0
chrXII:658629-658828        153.0    1007.0        1804.0       3477.0
chrXII:677677-677876        244.0    5241.0        3138.0       2957.0
chrXII:704625-704824        332.0     942.0        3033.0       3315.0
chrXII:728803-729002        138.0     701.0        2339.0       4391.0
chrXII:730530-730729        746.0    1202.0        3027.0       4373.0
chrXII:732144-732343        817.0    2198.0        3198.0       4232.0
chrXII:738282-738481        534.0     883.0        3060.0       4627.0
chrXII:746007-746206        220.0     788.0        2473.0       4056.0
chrXII:761404-761603        149.0     759.0        2625.0       5912.0
chrXII:776930-777129        279.0     663.0        2820.0       3758.0
chrXII:832869-833068        336.0     636.0        2007.0       3869.0
chrXII:836055-836254        212.0    1002.0        2113.0       2530.0
chrXII:842463-842662        198.0     704.0        1497.0       3711.0
chrXII:875913-876112        396.0    1259.0        3031.0       3929.0
chrXII:890603-890802        230.0     688.0        2208.0       3007.0
chrXII:892175-892374        211.0    1026.0        3099.0       3156.0
chrXII:902441-902640        320.0     952.0        2780.0       4899.0
chrXII:912887-913086        204.0     742.0        2779.0       3343.0
chrXII:917175-917374        200.0    1028.0        2357.0       2401.0
chrXII:920016-920215        323.0    1096.0        2177.0       3838.0
chrXII:937288-937487        137.0     716.0        1288.0       2777.0
chrXII:949794-949993        367.0    1114.0        3542.0       3817.0
chrXII:956936-957135        241.0     864.0        2406.0       3420.0
chrXII:988221-988420        191.0     833.0        2072.0       3984.0
chrXII:996850-997049        194.0     703.0        1714.0       4518.0
chrXII:1028822-1029021      325.0    1256.0        2809.0       5489.0
chrXII:1069487-1069686       55.0     525.0         304.0        554.0
chrXII:1076150-1076349       51.0     535.0         316.0        545.0
chrXIII:2008-2207            49.0     522.0         314.0        512.0
chrXIII:26111-26310         197.0     567.0         323.0        490.0
chrXIII:26133-26332          85.0     585.0         326.0        507.0
chrXIII:26577-26776          64.0     605.0         323.0        496.0
chrXIII:30262-30461         146.0     607.0         329.0        504.0
chrXIII:30273-30472          60.0     593.0         332.0        492.0
chrXIII:41126-41325         190.0     597.0         344.0        474.0
chrXIII:44403-44602         174.0     604.0         346.0        483.0
chrXIII:47004-47203         138.0     560.0         355.0        509.0
chrXIII:55989-56188         148.0     570.0         342.0        512.0
chrXIII:57923-58122         133.0     564.0         351.0        528.0
chrXIII:96215-96414         138.0     539.0         818.0        527.0
chrXIII:109682-109881       132.0     555.0        2279.0       3398.0
chrXIII:148129-148328       129.0     531.0        3121.0       3037.0
chrXIII:161365-161564       184.0     555.0        2446.0       4485.0
chrXIII:161703-161902       113.0     540.0        3250.0       4136.0
chrXIII:175713-175912       118.0     516.0        2810.0       4019.0
chrXIII:180826-181025        82.0     511.0        1788.0       3240.0
chrXIII:209106-209305       104.0     518.0        1565.0       1750.0
chrXIII:222790-222989       227.0     521.0        1351.0       2448.0
chrXIII:234095-234294       132.0     521.0        1899.0       3664.0
chrXIII:236201-236400        60.0     520.0        1681.0       3325.0
chrXIII:237641-237840       195.0     541.0        3169.0       4437.0
chrXIII:253868-254067       160.0     529.0        3210.0       4062.0
chrXIII:263168-263367        81.0     761.0        2579.0       3603.0
chrXIII:272687-272886        60.0     539.0        1372.0       3582.0
chrXIII:275342-275541       141.0    1847.0        3254.0       4586.0
chrXIII:287293-287492       183.0    1531.0        2723.0       3370.0
chrXIII:293935-294134       148.0     977.0        2424.0       4532.0
chrXIII:332596-332795       123.0     855.0        2481.0       3684.0
chrXIII:338548-338747        69.0     560.0        2619.0       4202.0
chrXIII:347341-347540       201.0    1458.0        3105.0       4248.0
chrXIII:390515-390714       254.0    1870.0        3281.0       5379.0
chrXIII:391919-392118       106.0     727.0        2536.0       4363.0
chrXIII:418050-418249        71.0     521.0        1198.0       2400.0
chrXIII:434327-434526       185.0    1693.0        4360.0       4273.0
chrXIII:446074-446273       193.0     834.0        2989.0       3854.0
chrXIII:451031-451230        78.0     596.0        2235.0       3645.0
chrXIII:467040-467239        79.0     999.0        2278.0       3501.0
chrXIII:470973-471172       182.0     904.0        2191.0       3078.0
chrXIII:471421-471620       140.0     602.0        1743.0       3393.0
chrXIII:511757-511956       664.0    1820.0        2172.0       5231.0
chrXIII:529255-529454       185.0     760.0        1698.0       3649.0
chrXIII:546880-547079       192.0     592.0        2343.0       4250.0
chrXIII:579146-579345       236.0     606.0        2388.0       5486.0
chrXIII:592875-593074       187.0    1585.0        2776.0       3473.0
chrXIII:618928-619127       238.0     873.0        2531.0       4273.0
chrXIII:635783-635982       177.0    1013.0        2367.0       3903.0
chrXIII:651461-651660       589.0    1039.0        2426.0       5017.0
chrXIII:653000-653199       428.0    2895.0        3092.0       3345.0
chrXIII:654486-654685       197.0    1070.0        2560.0       4338.0
chrXIII:689157-689356       155.0    2077.0        2604.0       3741.0
chrXIII:701252-701451        60.0     782.0        1674.0       2541.0
chrXIII:720376-720575       202.0     793.0        2618.0       4679.0
chrXIII:773764-773963       375.0   12576.0        2913.0       4309.0
chrXIII:777580-777779       202.0    4848.0        2504.0       4942.0
chrXIII:777754-777953       173.0    1683.0        1866.0       3152.0
chrXIII:779496-779695        68.0     461.0        1319.0       2660.0
chrXIII:780217-780416       136.0     410.0        1978.0       2495.0
chrXIII:797620-797819       310.0     800.0        2678.0       4846.0
chrXIII:807725-807924       256.0     625.0        2613.0       3942.0
chrXIII:817674-817873       219.0     629.0        2939.0       4034.0
chrXIII:825272-825471       223.0     480.0        2110.0       3661.0
chrXIII:852135-852334       144.0    4838.0        2171.0       3321.0
chrXIII:863926-864125       207.0     865.0        2134.0       4552.0
chrXIII:869685-869884       154.0     624.0        2748.0       3657.0
chrXIII:875014-875213       541.0     435.0        2891.0       4279.0
chrXIII:892151-892350       323.0     494.0        3652.0       5405.0
chrXIII:898463-898662       240.0     545.0        3756.0       4995.0
chrXIII:915881-916080       172.0     615.0        1780.0       2929.0
chrXIV:1915-2114             67.0     803.0         411.0        544.0
chrXIV:33465-33664          278.0     829.0         398.0        554.0
chrXIV:86319-86518          152.0     853.0         403.0        603.0
chrXIV:107254-107453        283.0     854.0         420.0        610.0
chrXIV:116704-116903        147.0     837.0         427.0        592.0
chrXIV:116898-117097        128.0     861.0         618.0       1399.0
chrXIV:126223-126422        165.0     866.0         428.0        580.0
chrXIV:138764-138963        211.0     868.0         427.0        612.0
chrXIV:157903-158102         87.0    1071.0         451.0        618.0
chrXIV:161978-162177         84.0    1015.0         555.0        607.0
chrXIV:164317-164516        111.0     922.0        1380.0       2365.0
chrXIV:166452-166651        151.0     933.0        2377.0       3301.0
chrXIV:194916-195115         67.0     960.0        2154.0       3385.0
chrXIV:199114-199313        162.0    1013.0        3704.0       3966.0
chrXIV:214656-214855        144.0    1011.0        1837.0       2751.0
chrXIV:217476-217675        214.0    1003.0        3289.0       3377.0
chrXIV:219813-220012        124.0    1008.0        2083.0       3722.0
chrXIV:220630-220829        137.0    1014.0        2817.0       4353.0
chrXIV:226950-227149        204.0     974.0        2416.0       4000.0
chrXIV:233792-233991        139.0    1006.0        2913.0       6127.0
chrXIV:240969-241168        303.0    1030.0        3572.0       4513.0
chrXIV:301708-301907        204.0    1029.0        2771.0       4527.0
chrXIV:328649-328848        135.0    1079.0        2695.0       4863.0
chrXIV:328979-329178         82.0    1088.0        2560.0       4244.0
chrXIV:335147-335346         99.0    1112.0        2314.0       3159.0
chrXIV:350054-350253        332.0    1474.0        3227.0       3109.0
chrXIV:352830-353029        162.0    1425.0        3133.0       3349.0
chrXIV:371852-372051        240.0    2191.0        3238.0       4297.0
chrXIV:391390-391589        152.0    1606.0        2089.0       2740.0
chrXIV:393767-393966         99.0    1381.0        2707.0       2982.0
chrXIV:395434-395633        245.0    1546.0        2385.0       3109.0
chrXIV:423563-423762         83.0    1335.0        2256.0       3678.0
chrXIV:427307-427506        148.0    1886.0        3631.0       3686.0
chrXIV:447076-447275        199.0    1601.0        2853.0       3978.0
chrXIV:478110-478309        290.0    2719.0        2849.0       4057.0
chrXIV:490669-490868        400.0    1640.0        3174.0       3899.0
chrXIV:507412-507611        107.0    2094.0        2236.0       4200.0
chrXIV:538185-538384        446.0    1322.0        3244.0       4386.0
chrXIV:540391-540590         96.0    1358.0        2859.0       4407.0
chrXIV:546031-546230        168.0    2719.0        2607.0       4254.0
chrXIV:559296-559495        454.0    2559.0        5342.0       6072.0
chrXIV:559359-559558        191.0    1461.0        1834.0       1524.0
chrXIV:559379-559578        102.0    1299.0         903.0       1073.0
chrXIV:586575-586774        313.0    1984.0        2850.0       4484.0
chrXIV:608950-609149        386.0    1637.0        3130.0       4513.0
chrXIV:617688-617887        161.0    1486.0        2417.0       5307.0
chrXIV:623520-623719        679.0    1559.0        4055.0       4342.0
chrXIV:623589-623788         67.0    1151.0        1079.0       2022.0
chrXIV:628662-628861        117.0    1138.0        1289.0       2484.0
chrXIV:651810-652009        109.0    1411.0        2104.0       2582.0
chrXIV:660638-660837        371.0    2004.0        2708.0       5293.0
chrXIV:665002-665201        238.0    1493.0        2134.0       3237.0
chrXIV:687678-687877        210.0    1317.0        3036.0       4138.0
chrXIV:689692-689891        203.0    2067.0        2555.0       3765.0
chrXIV:701275-701474        234.0    2244.0        3289.0       4062.0
chrXIV:702863-703062        370.0    1277.0        2928.0       3664.0
chrXIV:719087-719286        200.0    1801.0        2852.0       3747.0
chrXIV:728219-728418         97.0    3609.0        1548.0       3006.0
chrXIV:739006-739205        264.0    2346.0        3142.0       3840.0
chrXV:3062-3261              65.0    1147.0         456.0        520.0
chrXV:7564-7763             275.0    1195.0         454.0        514.0
chrXV:27407-27606            89.0    1235.0         446.0        514.0
chrXV:33188-33387           193.0    1241.0         443.0        528.0
chrXV:50347-50546            91.0    1305.0         442.0        512.0
chrXV:69207-69406           269.0    1379.0         438.0        517.0
chrXV:75767-75966           147.0    1403.0         427.0        519.0
chrXV:102037-102236         138.0    1417.0         405.0        519.0
chrXV:106787-106986         112.0    1440.0         388.0        531.0
chrXV:109441-109640         371.0    1470.0         385.0        647.0
chrXV:128225-128424         102.0    1547.0        2095.0       2779.0
chrXV:128729-128928         117.0    1583.0        4084.0       4781.0
chrXV:138342-138541         127.0    1604.0        2493.0       3830.0
chrXV:187211-187410         206.0    1615.0        2499.0       4017.0
chrXV:207208-207407         124.0    1683.0        2469.0       5492.0
chrXV:217592-217791         416.0    1752.0        2798.0       5028.0
chrXV:221450-221649         295.0    1838.0        3255.0       5574.0
chrXV:232633-232832         230.0    1848.0        3926.0       6123.0
chrXV:260213-260412         145.0    1911.0        1797.0       3215.0
chrXV:287396-287595         251.0    1949.0        3191.0       4720.0
chrXV:326597-326796          80.0    1999.0         919.0       1196.0
chrXV:328463-328662         223.0    2017.0        3682.0       5326.0
chrXV:329701-329900         204.0    2062.0        3581.0       5003.0
chrXV:357545-357744         108.0    2132.0        2103.0       3290.0
chrXV:389279-389478         112.0    2184.0        1562.0       3018.0
chrXV:405189-405388         125.0    2330.0        2842.0       3775.0
chrXV:411853-412052         130.0    2691.0        3589.0       4611.0
chrXV:430056-430255         124.0    2433.0        2511.0       3699.0
chrXV:446788-446987         338.0    3950.0        2889.0       4154.0
chrXV:511041-511240         132.0    2614.0        3112.0       4357.0
chrXV:511286-511485         122.0    2389.0        2884.0       5837.0
chrXV:511371-511570         109.0    2545.0        1555.0       2384.0
chrXV:525934-526133          89.0    2461.0        2085.0       3371.0
chrXV:579385-579584         123.0    2781.0        2844.0       4082.0
chrXV:585687-585886         172.0    2792.0        2206.0       3383.0
chrXV:589987-590186         172.0    2563.0        2374.0       3342.0
chrXV:604980-605179         380.0    2599.0        2916.0       4191.0
chrXV:613249-613448         406.0    2827.0        3460.0       3990.0
chrXV:614152-614351         268.0    2582.0        2333.0       2881.0
chrXV:618352-618551         160.0    2588.0        1770.0       3419.0
chrXV:628472-628671         241.0    2589.0        2212.0       3585.0
chrXV:628961-629160         127.0    2672.0        3095.0       4776.0
chrXV:642495-642694         155.0    7683.0        2368.0       4373.0
chrXV:642689-642888         146.0    2760.0        2676.0       5128.0
chrXV:677585-677784         343.0    2943.0        3582.0       3493.0
chrXV:684238-684437         257.0    2621.0        2926.0       4037.0
chrXV:697796-697995          84.0    2404.0        1004.0       2766.0
chrXV:766777-766976         150.0    2462.0        1970.0       3365.0
chrXV:770174-770373         310.0    3801.0        3161.0       4951.0
chrXV:777015-777214         298.0    2585.0        2431.0       2969.0
chrXV:777239-777438         247.0    2607.0        3523.0       3544.0
chrXV:821583-821782         105.0    2417.0        2044.0       2701.0
chrXV:830797-830996          93.0    2441.0        1699.0       2487.0
chrXV:833787-833986         243.0    2708.0        3040.0       3765.0
chrXV:866146-866345         114.0    2525.0        2465.0       4821.0
chrXV:878088-878287         249.0    2583.0        3751.0       4881.0
chrXV:882001-882200         537.0    3056.0        4483.0       4349.0
chrXV:886112-886311         211.0    2362.0        2427.0       2707.0
chrXV:893898-894097         244.0    2604.0        1755.0       3000.0
chrXV:894131-894330         124.0    2278.0        1263.0       2659.0
chrXV:911972-912171         415.0   14957.0        2619.0       4038.0
chrXV:916926-917125         169.0    2357.0        2701.0       4341.0
chrXV:919005-919204         277.0    2618.0        2132.0       3875.0
chrXV:979000-979199         581.0   16011.0        2982.0       5035.0
chrXV:979155-979354         307.0   39877.0        1974.0       2832.0
chrXV:986628-986827         204.0    2252.0        1995.0       3117.0
chrXV:1017722-1017921       243.0    2343.0        1834.0       2759.0
chrXV:1025790-1025989       250.0    2129.0        2691.0       4281.0
chrXV:1029633-1029832       374.0    2397.0        2548.0       3704.0
chrXV:1044311-1044510       286.0    2275.0        4371.0       5401.0
chrXV:1045718-1045917       171.0    2192.0        2456.0       3935.0
chrXV:1049179-1049378       278.0    2194.0        3030.0       3333.0
chrXV:1069290-1069489       160.0    1824.0        2417.0       3547.0
chrXV:1071872-1072071        51.0    1716.0         588.0        690.0
chrXV:1089115-1089314        55.0    1693.0         338.0        446.0
chrXVI:1824-2023             57.0    1647.0         338.0        462.0
chrXVI:18799-18998           74.0    1571.0         339.0        475.0
chrXVI:23732-23931          456.0    1523.0         344.0        497.0
chrXVI:46363-46562          122.0    1482.0         348.0        515.0
chrXVI:47352-47551          124.0    1442.0         363.0        521.0
chrXVI:69285-69484          175.0    1402.0         358.0        533.0
chrXVI:74984-75183          247.0    1380.0         349.0        504.0
chrXVI:75385-75584          456.0    1381.0         358.0        494.0
chrXVI:86515-86714          242.0    1302.0         351.0        511.0
chrXVI:87624-87823          157.0    1251.0         342.0        496.0
chrXVI:102928-103127         83.0    1252.0         354.0        510.0
chrXVI:133040-133239        292.0    1268.0        1663.0        570.0
chrXVI:139064-139263        132.0    1247.0        2950.0       3120.0
chrXVI:163087-163286        173.0    1229.0        2419.0       3685.0
chrXVI:163670-163869        144.0    1210.0        2469.0       3453.0
chrXVI:167766-167965         90.0    1184.0        2026.0       2871.0
chrXVI:187857-188056        104.0    1167.0        2281.0       4465.0
chrXVI:188679-188878        222.0    1154.0        2901.0       4623.0
chrXVI:215360-215559        158.0    1202.0        2203.0       2910.0
chrXVI:226397-226596        115.0    1222.0        2463.0       2958.0
chrXVI:227780-227979        127.0    1214.0        2724.0       3267.0
chrXVI:248118-248317        158.0    1214.0        3226.0       4728.0
chrXVI:249584-249783        261.0    1194.0        2973.0       3851.0
chrXVI:264776-264975         96.0    1125.0        1651.0       3906.0
chrXVI:291136-291335        144.0    1126.0        2570.0       3460.0
chrXVI:318360-318559         92.0    1122.0        1961.0       3243.0
chrXVI:345121-345320        184.0    2451.0        2318.0       3870.0
chrXVI:358861-359060         83.0    1322.0        2420.0       3507.0
chrXVI:363310-363509         69.0    1188.0        1454.0       2792.0
chrXVI:366625-366824        119.0    1369.0        3309.0       4688.0
chrXVI:369188-369387        159.0    1676.0        2679.0       4674.0
chrXVI:370304-370503        114.0    1469.0        3056.0       5059.0
chrXVI:385874-386073        188.0    1249.0        2820.0       4304.0
chrXVI:394575-394774        134.0    1197.0        1854.0       3110.0
chrXVI:425246-425445        367.0    2296.0        3461.0       3169.0
chrXVI:425306-425505        233.0    1214.0         993.0       1298.0
chrXVI:453591-453790        401.0   23275.0        2981.0       2774.0
chrXVI:455928-456127        290.0    1242.0        3276.0       4508.0
chrXVI:461608-461807        165.0    1430.0        2408.0       4783.0
chrXVI:481157-481356        209.0    1449.0        1756.0       2673.0
chrXVI:496720-496919        220.0    1177.0        2722.0       3880.0
chrXVI:509075-509274        237.0    1491.0        3110.0       3348.0
chrXVI:517226-517425        528.0  116306.0        3790.0       5870.0
chrXVI:517260-517459        124.0    7319.0         775.0       1671.0
chrXVI:527892-528091        116.0    1771.0        3078.0       4198.0
chrXVI:542171-542370        334.0    1226.0        4044.0       5011.0
chrXVI:550983-551182        361.0    1379.0        2917.0       4710.0
chrXVI:560722-560921         89.0     991.0         988.0       2025.0
chrXVI:571502-571701         94.0    1019.0        1668.0       3457.0
chrXVI:573102-573301        367.0    1796.0        3554.0       6413.0
chrXVI:582093-582292       1289.0    3361.0        2640.0       3174.0
chrXVI:632616-632815        194.0    1067.0        3806.0       5732.0
chrXVI:640101-640300        381.0    2047.0        3819.0       4552.0
chrXVI:641270-641469        613.0   18418.0        2966.0       5068.0
chrXVI:645022-645221        431.0    1573.0        3927.0       4159.0
chrXVI:656755-656954        161.0    1392.0        2822.0       5616.0
chrXVI:709790-709989        192.0     928.0        2340.0       2507.0
chrXVI:719652-719851        484.0    1314.0        2749.0       3821.0
chrXVI:731872-732071        435.0    1824.0        3438.0       4428.0
chrXVI:738597-738796        150.0     838.0        1476.0       3784.0
chrXVI:792928-793127        368.0    1688.0        2827.0       5741.0
chrXVI:832660-832859        198.0     835.0        2955.0       3823.0
chrXVI:840429-840628        334.0    1272.0        3239.0       3703.0
chrXVI:850449-850648        134.0     795.0        2311.0       3795.0
chrXVI:870750-870949        128.0    1023.0        2864.0       4939.0
chrXVI:877707-877906        102.0     731.0        1711.0       3141.0
chrXVI:885761-885960        193.0     753.0        2839.0       3854.0
chrXVI:906773-906972        131.0     732.0        1836.0       2907.0
chrXVI:927331-927530        338.0    1370.0        2078.0       3004.0
chrXVI:928431-928630         99.0    1483.0        1579.0       2677.0
chrXVI:937691-937890        166.0    1053.0        2643.0       3283.0
chrXVI:939474-939673        179.0     825.0        2890.0       4488.0
chrXVI:945848-946047         51.0     599.0         365.0        487.0
chrM:16304-16503             49.0     596.0         351.0        509.0
chrM:20329-20528             50.0     602.0         355.0        517.0